76294077.019065 14716902.901555 2277340.363424 380442.584952 
76294077.019065 14716902.901555 2277340.363424 380442.584952 
76294077.019065 14716902.901555 2277340.363424 380442.584952 
76294077.019065 14716902.901555 2277340.363424 380442.584952 
76294077.019065 14716902.901555 2277340.363424 380442.584952 
76294077.019065 14716902.901555 2277340.363424 380442.584952 
76294077.019065 14716902.901555 2277340.363424 380442.584952 
76294077.019065 14716902.901555 2277340.363424 380442.584952 
76294077.019065 14716902.901555 2277340.363424 380442.584952 
76294077.019065 14716902.901555 2277340.363424 380442.584952 
