31704039.967514 14573992.943613 5101420.613808 1057789.517815 478265.291786 229578.425723 180051.374264 53698.788700 
31704039.967514 14573992.943613 5101420.613808 1057789.517815 478265.291786 229578.425723 180051.374264 53698.788700 
31704039.967514 14573992.943613 5101420.613808 1057789.517815 478265.291786 229578.425723 180051.374264 53698.788700 
31704039.967514 14573992.943613 5101420.613808 1057789.517815 478265.291786 229578.425723 180051.374264 53698.788700 
31704039.967514 14573992.943613 5101420.613808 1057789.517815 478265.291786 229578.425723 180051.374264 53698.788700 
31704039.967514 14573992.943613 5101420.613808 1057789.517815 478265.291786 229578.425723 180051.374264 53698.788700 
31704039.967514 14573992.943613 5101420.613808 1057789.517815 478265.291786 229578.425723 180051.374264 53698.788700 
31704039.967514 14573992.943613 5101420.613808 1057789.517815 478265.291786 229578.425723 180051.374264 53698.788700 
31704039.967514 14573992.943613 5101420.613808 1057789.517815 478265.291786 229578.425723 180051.374264 53698.788700 
31704039.967514 14573992.943613 5101420.613808 1057789.517815 478265.291786 229578.425723 180051.374264 53698.788700 
