76294077.019065 36854535.956662 13403297.818708 2372385.676764 1009355.376869 530750.285921 436763.916192 133388.251804 
76294077.019065 36854535.956662 13403297.818708 2372385.676764 1009355.376869 530750.285921 436763.916192 133388.251804 
76294077.019065 36854535.956662 13403297.818708 2372385.676764 1009355.376869 530750.285921 436763.916192 133388.251804 
76294077.019065 36854535.956662 13403297.818708 2372385.676764 1009355.376869 530750.285921 436763.916192 133388.251804 
76294077.019065 36854535.956662 13403297.818708 2372385.676764 1009355.376869 530750.285921 436763.916192 133388.251804 
76294077.019065 36854535.956662 13403297.818708 2372385.676764 1009355.376869 530750.285921 436763.916192 133388.251804 
76294077.019065 36854535.956662 13403297.818708 2372385.676764 1009355.376869 530750.285921 436763.916192 133388.251804 
76294077.019065 36854535.956662 13403297.818708 2372385.676764 1009355.376869 530750.285921 436763.916192 133388.251804 
76294077.019065 36854535.956662 13403297.818708 2372385.676764 1009355.376869 530750.285921 436763.916192 133388.251804 
76294077.019065 36854535.956662 13403297.818708 2372385.676764 1009355.376869 530750.285921 436763.916192 133388.251804 
