29726800.650823 5502401.830684 921238.394449 134950.445578 
29726800.650823 5502401.830684 921238.394449 134950.445578 
29726800.650823 5502401.830684 921238.394449 134950.445578 
29726800.650823 5502401.830684 921238.394449 134950.445578 
29726800.650823 5502401.830684 921238.394449 134950.445578 
29726800.650823 5502401.830684 921238.394449 134950.445578 
29726800.650823 5502401.830684 921238.394449 134950.445578 
29726800.650823 5502401.830684 921238.394449 134950.445578 
29726800.650823 5502401.830684 921238.394449 134950.445578 
29726800.650823 5502401.830684 921238.394449 134950.445578 
