14573992.943613 1057789.517814 229578.425724 53698.788700 
14573992.943613 1057789.517814 229578.425724 53698.788700 
14573992.943613 1057789.517814 229578.425724 53698.788700 
14573992.943613 1057789.517814 229578.425724 53698.788700 
14573992.943613 1057789.517814 229578.425724 53698.788700 
14573992.943613 1057789.517814 229578.425724 53698.788700 
14573992.943613 1057789.517814 229578.425724 53698.788700 
14573992.943613 1057789.517814 229578.425724 53698.788700 
14573992.943613 1057789.517814 229578.425724 53698.788700 
14573992.943613 1057789.517814 229578.425724 53698.788700 
