36854535.956662 2372385.676761 530750.285921 133388.251804 
36854535.956662 2372385.676761 530750.285921 133388.251804 
36854535.956662 2372385.676761 530750.285921 133388.251804 
36854535.956662 2372385.676761 530750.285921 133388.251804 
36854535.956662 2372385.676761 530750.285921 133388.251804 
36854535.956662 2372385.676761 530750.285921 133388.251804 
36854535.956662 2372385.676761 530750.285921 133388.251804 
36854535.956662 2372385.676761 530750.285921 133388.251804 
36854535.956662 2372385.676761 530750.285921 133388.251804 
36854535.956662 2372385.676761 530750.285921 133388.251804 
