31704039.967513 14573992.943613 5101420.613809 1057789.517814 478265.291786 229578.425724 180051.374264 53698.788700 
31704039.967513 14573992.943613 5101420.613809 1057789.517814 478265.291786 229578.425724 180051.374264 53698.788700 
31704039.967513 14573992.943613 5101420.613809 1057789.517814 478265.291786 229578.425724 180051.374264 53698.788700 
31704039.967513 14573992.943613 5101420.613809 1057789.517814 478265.291786 229578.425724 180051.374264 53698.788700 
31704039.967513 14573992.943613 5101420.613809 1057789.517814 478265.291786 229578.425724 180051.374264 53698.788700 
31704039.967513 14573992.943613 5101420.613809 1057789.517814 478265.291786 229578.425724 180051.374264 53698.788700 
31704039.967513 14573992.943613 5101420.613809 1057789.517814 478265.291786 229578.425724 180051.374264 53698.788700 
31704039.967513 14573992.943613 5101420.613809 1057789.517814 478265.291786 229578.425724 180051.374264 53698.788700 
31704039.967513 14573992.943613 5101420.613809 1057789.517814 478265.291786 229578.425724 180051.374264 53698.788700 
31704039.967513 14573992.943613 5101420.613809 1057789.517814 478265.291786 229578.425724 180051.374264 53698.788700 
